SSC_CORE_SUMMARY
OPERATOR: SSC_CORE_DEMO
INPUT_DIGEST: a79ace35ee24a5b0ea99e4407c750f1f49da35fa6cf0b8af00c5333cd4149a0f
OUTPUT_DIGEST: 3c7217bd6d2c58c67e93c1b4a0c5d2f8bfd5cd46249df0f246307b1f859b9737
M_OUT: 1632
W: 20
W_ALLOW: 8
WORK_ELIMINATED_FRACTION: 0.600000000000
STRUCTURAL_SPEEDUP: 2.500000000000
OMEGA: 8.969154302010
K: 13
F: c366930395f7ec63c3dd1935021292923ff70c6d8fafcc864ab6175a8f98cdaa
